0000000000000000000000000000000000000000000000000000000000000000000000000000000000000000000000000000000000000000000000000000000000000000000000000000000000000000000000000000000000000000000000000000000000000000000000000000000000000000000000000000000000000000
0000000000000000000000000000000000000000000000000000000000000000000000000000000000000000000000000000000000000000000000000000000000000000000000000000000000000000000000000000000000000000000000000000000000000000000000000000000000000000000000000000000000000000
0000000000000000000000000000000000000000000000000000000000000000000000000000000000000000000000000000000000000000000000000000000000000000000000000000000000000000000000000000000000000000000000000000000000000000000000000000000000000000000000000000000000000000
0000000000000000000000000000000000000000000000000000000000000000000000000000000000000000000000000000000000000000000000000000000000000000000000000000000000000000000000000000000000000000000000000000000000000000000000000000000000000000000000000000000000000000
0000000000000000000000000000000000000000000000000000000000000000000000000000000000000000000000000000000000000000000000000000000000000000000000000000000000000000000000000000000000000000000000000000000000000000000000000000000000000000000000000000000000000000
0000000000000000000000000000000000000000000000000000000000000000000000000000000000000000000000000000000000000000000000000000000000000000000000000000000000000000000000000000000000000000000000000000000000000000000000000000000000000000000000000000000000000000
0000000000000000000000000000000000000000000000000000000000000000000000000000000000000000000000000000000000110000000000000000000000000000000000000000000000000000000000000000000000000000000000000000000000000000000000000000000000000000000000000000000000000000
0000000000000000000000000000000000000000000000000000000000000000000000000000000000000000000000000000000000000000000000000000000000000000000000000000000000000000000000000000000000000000000000000000000000000000000000000000000000000000000000000000000000000000
0000000000000000000000000000000000000000000000000000000000000000000000000000000000000000000000001110000000000000000000000000000000000000000000000000000000000000000000000000000000000000000000000000000000000000000000000000000000000000000000000000000000000000
0000000000000000000000000000000000000000000000000000000000000000000000000000000000000000000001110000000000000000000000000000000000000000000000000000000000000000000000000000000000000000000000000000000000000000000000000000000000000000000000000000000000000000
0000000000000000000000000000000000000000000000000000000000000000000000000000000000000000011100000000000000000000000111111111111111111111111110000000000000000000000000000000000000000000000000000000000000000000000000000000000000000000000000000000000000000000
0000000000000000000000000000000000000000000000000000000000000000000000000000000000000011100000000000000000001111111110000000000000000000011111111111000000000000000000000000000000000000000000000000000000000000000000000000000000000000000000000000000000000000
0000000000000000000000000000000000000000000000000000000000000000000000000000000000001110000000000000000111111000000000000000000000000000000000000011111110000000000000000000000000000000000000000000000000000000000000000000000000000000000000000000000000000000
0000000000000000000000000000000000000000000000000000000000000000000000000000000001110000000000000001111100000000000000000000000000000000000000000000000111111000000000000000000000000000000000000000000000000000000000000000000000000000000000000000000000000000
0000000000000000000000000000000000000000000000000000000000000000000000000000000111000000000000011111000000000000000000000000000000000000000000000000000000011111000000000000000000000000000000000000000000000000000000000000000000000000000000000000000000000000
0000000000000000000000000000000000000000000000000000000000000000000000000000011000000000000011110000000000000000000000000000000000000000000000000000000000000001111100000000000000000000000000000000000000000000000000000000000000000000000000000000000000000000
0000000000000000000000000000000000000000000000000000000000000000000000000011000000000000111100000000000000000000000000000000000000000000000000000000000000000000001111100000000000000000000000000000000000000000000000000000000000000000000000000000000000000000
0000000000000000000000000000000000000000000000000000000000000000000000001100000000000011110000000000000000000000000000000000000000000000000000000000000000000000000001111100000000000000000000000000000000000000000000000000000000000000000000000000000000000000
0000000000000000000000000000000000000000000000000000000000000000000000010000000000001110000000000000000000000000000000000000000000000000000000000000000000000000000000001111000000000000000000000000000000000000000000000000000000000000000000000000000000000000
0000000000000000000000000000000000000000000000000000000000000000000001000000000000110000000000000000000000000000000000000000000000000000000000000000000000000000000000000001111000000000000000000000000000000000000000000000000000000000000000000000000000000000
0000000000000000000000000000000000000000000000000000000000000000000110000000000011000000000000000000000000000000000000000000000000000000000000000000000000000000000000000000011110000000000000000000000000000000000000000000000000000000000000000000000000000000
0000000000000000000000000000000000000000000000000000000000000000010000000000011100000000000000000000000000000000000000000000000000000000000000000000000000000000000000000000000111100000000000000000000000000000000000000000000000000000000000000000000000000000
0000000000000000000000000000000000000000000000000000000000000000100000000001110000000000000000000000000000000000000000000000000000000000000000000000000000000000000000000000000001111000000000000000000000000000000000000000000000000000000000000000000000000000
0000000000000000000000000000000000000000000000000000000000000011000000000111000000000000000000000000000000000000000000000000000000000000000000000000000000000000000000000000000000011110000000000000000000000000000000000000000000000000000000000000000000000000
0000000000000000000000000000000000000000000000000000000000001100000000011100000000000000000000000000000000000000000000000000000000000000000000000000000000000000000000000000000000000111100000000000000000000000000000000000000000000000000000000000000000000000
0000000000000000000000000000000000000000000000000000000000010000000001110000000000000000000000000000000000000000000000000000000000000000000000000000000000000000000000000000000000000001111000000000000000000000000000000000000000000000000000000000000000000000
0000000000000000000000000000000000000000000000000000000001100000000011000000000000000000000000000000000000000000000000000000000000000000000000000000000000000000000000000000000000000000011110000000000000000000000000000000000000000000000000000000000000000000
0000000000000000000000000000000000000000000000000000000010000000001100000000000000000000000000000000000000000000000000000000000000000000000000000000000000000000000000000000000000000000000111000000000000000000000000000000000000000000000000000000000000000000
0000000000000000000000000000000000000000000000000000000100000000111000000000000000000000000000000000000000000000000000000000000000000000000000000000000000000000000000000000000000000000000011110000000000000000000000000000000000000000000000000000000000000000
0000000000000000000000000000000000000000000000000000011000000001100000000000000000000000000000000000000000000000000000000000000000000000000000000000000000000000000000000000000000000000000000111000000000000000000000000000000000000000000000000000000000000000
0000000000000000000000000000000000000000000000000000110000000011000000000000000000000000000000000000000000000000000000000000000000000000000000000000000000000000000000000000000000000000000000001110000000000000000000000000000000000000000000000000000000000000
0000000000000000000000000000000000000000000000000001000000001100000000000000000000000000000000000000000000000000000000000000000000000000000000000000000000000000000000000000000000000000000000000111000000000000000000000000000000000000000000000000000000000000
0000000000000000000000000000000000000000000000000010000000011000000000000000000000000000000000000000000000000000000000000000000000000000000000000000000000000000000000000000000000000000000000000001110000000000000000000000000000000000000000000000000000000000
0000000000000000000000000000000000000000000000001100000001100000000000000000000000001000000001000000000000000000000000000000000000000000000000000000000000000000000000000000000000000000000000000000111000000000000000000000000000000000000000000000000000000000
0000000000000000000000000000000000000000000000011000000011000000000000000000000000000001100000000000100000000000000000000000000000000000000000000000000000000000000001000000000011000000000000000000011100000000000000000000000000000000000000000000000000000000
0000000000000000000000000000000000000000000000110000000110000000000000000000000000000001000000000000100000000000000000000000000000000000000000000000000000000000000001001100000000100000000000000000000111000000000000000000000000000000000000000000000000000000
0000000000000000000000000000000000000000000001100000001000000000000000000000000000000011000000001000110000000000000000000000000000000000000000000000000000000000000000000100000000110000000000000000000011100000000000000000000000000000000000000000000000000000
0000000000000000000000000000000000000000000010000000110000000000000000000000000000000011000000000000010000000000000000000000000000000000000000000000000000000000000000100110010001111000000000000000000001110000000000000000000000000000000000000000000000000000
0000000000000000000000000000000000000000000100000001100000000000000000000000000000000010000000000000010000000000000000000000000000000000000000000000000000000000000000100011000111111000000000000000000000111000000000000000000000000000000000000000000000000000
0000000000000000000000000000000000000000001000000011000000000000000000000000000000000000000000000000011000000000000000000000000000000000000000000000000000000000000000010001100001110000000000000000000000011100000000000000000000000000000000000000000000000000
0000000000000000000000000000000000000000010000000110000000000000000000000000000000000000000000000000011000000000000000000000000000000000000000000000000000000000000000000001110000100000000000000000000000000110000000000000000000000000000000000000000000000000
0000000000000000000000000000000000000000100000001100000000000000000000000000000000000000000000000000011000000000000000000000000000000000000000000000000000000000000000001000111000000000000000000000000000000011000000000000000000000000000000000000000000000000
0000000000000000000000000000000000000001000000011000000000000000000000000000000000000000000000000000011000000000000000000000000000000000000000000000000000000000000000000100011000000000000000000000000000000001100000000000000000000000000000000000000000000000
0000000000000000000000000000000000000010000000111000000000000000000000000000000000000000000000000100011000000000000000000000000000000000000000000000000000000000000011000100011100000000000000000000000000000000110000000000000000000000000000000000000000000000
0000000000000000000000000000000000000110000001100000000000000000000000000000000000000000000000000000010000000000000000000000000000000000000000000000000000000000000011000000011100000000000000000000000000000000011000000000000000000000000000000000000000000000
0000000000000000000000000000000000001100000011100000000000000000000000000000000000000000000000001000110000000000000000000000000000000000000000000000000000000000000010000000011100000000000000000000000000000000001100000000000000000000000000000000000000000000
0000000000000000000000000000000000011000000111000000000000000000000000000000000000000000000000000000100000000000000000000000000000000000000000000000000000000000010011000000011100000000000000000000000000000000000110000000000000000000000000000000000000000000
0000000000000000000000000000000000110000001110000000000000000000000000000000000000000000000000000001000000000000000000000000000000000000000000000000000000000000010000000000011100000000000000000000001001000000000011000000000000000000000000000000000000000000
0000000000000000000000000000000000100000011110000000000000000000000000000000000000000000000000000100000000000000000000000000000000000000000000000000000000000000001000000000111000000000000000000000111111100000000001100000010000000000000000000000000000000000
0000000000000000000000000000000001000000111100000000000000000000000000000000000000000000010000000000000000000000000000000000000000000000000000000000000000000000000100000001110000000000000000000000111111111000000000110000000000000000000000000000000000000000
0000000000000000000000000000000010000001101000000000000000000000000000000000000000000000000000000000000000000000000000000000000000000000000000000000000000000000000011000011100000000000000000000000111111111110000000111000000000000000000000000000000000000000
0000000000000000000000000000000100000001110000000000000000000000000000000000000000000000000000000000000000000000000000000000000000000000000000000000000000000000000000000110000000000000000000000000011111111111000000011100000000000000000000000000000000000000
0000000000000000000000000000001100000011100000000000000000000000000000000000000000000000000000000000000000000000000000000000000000000000000000000000000000000000000000000000000000000000000000000000011111111111110000001110000000000000000000000000000000000000
0000000000000000000000000000001000000111000000000000000000000000000000000000000000000000000000000000000000000000000000010000000000000000000000000000000000000000000000000000000000000000000000000000011111111111111000000110000000000000000000000000000000000000
0000000000000000000000000000010000001110000000000000000000000000000000000000000000000000000000000000000000000000100000000000000000000000000000000000000000000000000000000000000000000000000000000000001011111111111100000011000000000000000000000000000000000000
0000000000000000000000000000100000011110000000000000000000000000000000000000000000000000000000000000000000000000000000000000000000000000000000000000000000000000000000000000000000000000000000000000000001111111111110000001100000000000000000000000000000000000
0000000000000000000000000000100000011100000000000000000000000000000000000000000000000000000000000000000000000000000000000000001000000000000000000000000000000000000000000000000000000000000000000000000000001111111111000001110000000000000000000000000000000000
0000000000000000000000000001000000111000000000000000000000000000000000000000000000000000000000000000000000000000000111111111111111111111110000000000000000000000000000000000000000000000000000000000000000000111111111100000110000000000000000000000000000000000
0000000000000000000000000010000001110000000000000010000000000000000000000000000000000000000000000001000000000011111111000000000000000001011011100000000000000000000000000000000000000000000000000000000000000111111111110000011000000000000000000000000000000000
0000000000000000000000000010000001100000000000000100000000000000000000000000000000000000000000000100000000111111000000000000000000000011000000001100000000000000000000000000000000000000000000000000000000000011111111110000001100000000000000000000000000000000
0000000000000000000000000100000011100000000000000100000000000000000000000000000000000000000000010000000011110000000000000000000000000010000000000000110000000000000000000000000000000000000000000000000000000011111111111000001110000000000000000000000000000000
0000000000000000000000001000000111000000000000000100011000000000000000000000000000000000000001000000011110000000000000000000000000000110000000000000001110000000000000000000000000000000000000000000000000110001111111111100000110000000000000000000000000000000
0000000000000000000000001000000110000000000000000010001000000000000000000000000000000000000100000011110000000000000000000000000000000110000000000000100000000000000000000000000000000000000000000000000001111000111111111110000011000001000000000000000000000000
0000000000000000000000010000001110000000000000000010001000000000000000000000000000000000010000001111100000000000000000000000000000000100000000000000101000101000000000000000000000000000000000000000000111100100011111111111000011000000000000000000000000000000
0000000000000000000000110000011100000000000000000001000100010000000000000000000000000000100000111000000000000000000000000000000000000000000000000000101001100111000000000000000000000000000000000000000111110100011111111111000001100000000000000000000000000000
0000000000000000000000100000011000000000000000000001000000000000000001100000000000000010000010110000000000000000000000000000000000000000000000000000100001101101100000000000000000000000000000000000001111110010011111111111100000110000000000000000000000000000
0000000000000000000001000000111000000000000000000000100000000010000011000000000000000100000101000000000000000000000000000000000000000000000000000000100000101100001000000000000000000000000000000000111111110010001111111111110000110000000000000000000000000000
0000000000000000000001000001110000000000000000000000100000000100000000000000000000010000000111000000000000000000000000000000000000000000000000000000100001111100000010000000000000000000000000000001111111110010001111111111110000011000000000000000000000000000
0000000000000000000010000001110000000000000000000000010000001000000000000000000000100001011001000000000000000000000000000000000000000000000000000000100001111100000001000000000000000000000001000011111111100010001111111111111000011000000000000000000000000000
0000000000000000000010000011100000000000000000000000010000010000000000000000000001000000110011000000000000000000000000000000000000000000000000000000100001111000000000010000000000000000000001000111100000000000001111111111111100001100000000000000000000000000
0000000000000000000100000011000000000000000000000000000000110000000000000000000110001001000011000000000000000000000000000000000000000000000000000000000000110000000000001000000000000000000000100011000000000000011111111111111110000100000010000000000000000000
0000000000000000000100000111000000000000000000000000001000010000000000000000001000000110000011000000000010000000000000000000000000000000000000000000000000111000000000110110000000100000000000010001100000001000011111111111111110000110000010000000000000000000
0000000000000000001000000110000000000000000000000000000100010000000000000000010000001100000011000000001000000000000000000000000000000000000000000000000000010000000001111111000000000000000000010000110000000000111111111111111110000010000011000000000000000000
0000000000000000001000001110000000000000000000000000000100001000000000000000100000011000000011000000010000000000000000000000000000000000000000000000000000010000000001111000100000001000000000001000000000000000111111111111111111100011000001000000000000000000
0000000000000000010000001100000000000000000000000000000010001000000000000001000000110000000011000000100000000000000000000000000000000000000000000000000000010000000000111111110000000000000000000100000000000011111111111111111111100001000001100000000000000000
0000000000000000010000011100000000000000000000000000000010001000000000000010001001100000000011000001000000000000000000000000000000000000000000000000000000011000000000111111101000000010000000000010000000000111111111111111111111100001100000100000000000000000
0000000000000000100000011000000000000000000000000000000000011000000000000100010011000000000011000010000000000000000000000000000000000000000000000000000000001000000000111111110100000001000000000001000000001111111111111111111111110000100000100000000000000000
0000000000000000100000111000000000000000000000000000000000000000000000001000000110000000000011000000000000000000000000000000000000000000000000000000000000000000000000111111111111000000100000000000110100111111111111111111111111111000110000010000000000000000
0000000000000001000000110000000000000000000000000000000000000000000000011000001000000000000011000000000000000000000000000000000000000000000000000000000000000000000000011111111111000000110000000000000001111111111111111111111111111000010000010000000000000000
0000000000000001000001110000000000000000000000000000000000000000000000110010010000000000000011000000000000000000000000000000000000000000000000000000000000000000000000011111111111100000010000000000000000000111111111111111111111111000011000001000000000000000
0000000000000011000001100000000000000000000000000000000000000000000000100100110000000000000010000000000000000000000000000000000000000000000000000000000000000000000000011111111110010000001000000000000000000001111111111111111111111100001000001000000000000000
0000000000000010000011100000000000000000000000000000000000000000000001001001100000000000000010000000000000000000000000000000000000000000000000000000000000000000000000011111111110111000000100000000000000000000111111111111111111111100001100001100000000000000
0000000000000010000011000000000000000000000000000000000000000000000010010011000000000000000010000000000000000000000000000000000000000000000000000000000000000000000000111000111111111100000110000000000000000000001111111111111111111110001100000000000000000000
0000000000000100000011000000000000000000000000000000000000000000000110000110000000000000000000000000000000000000000000000000000000000000000000000000000000000000000000111000011111111110000011000000000000000000000111111111111111111111000110000100000000000000
0000000000000100000111000000000000000000000000000000000000000000000100001100000000000000000100000000000000000000000000000000000000000000000000000000000000000000000001110000111111111111000001000000000000000000000011111111111111111111000110000010000000000000
0000000000000100000110000000000000000000000000000000000000000000001000001100000000000000000000000000000000000000000000000000000000000000000000000000000000010000000011100000111111100111000001100000000000000000000000000000111111111111000010000010000000000000
0000000000001000001110000000000000000000000000000000000000000000010000011000000000000000001000000000000000000000000000000000000000000000000000000000000000000000000011000000011111101100100000110000000000000000000000000000001111111111100011000010000000000000
0000000000001000001110000000000000000000000000000000000000000000010000110000000000000000001000000000000000000000000000000000000000000000000000000000000000000000000110000000011111111101110000110000000000000000000000000000000111111111100011000001000000000000
0000000000011000001100000000000000000000000000000000000000000000100000100000000000000000010000000000000000000000000000000000000000000000000000000000000000001000000100000000011111011101111000011000000000000000000000000000000011111111100001000001000000000000
0000000000010000011100000000000000000000000000000000000000000001000001100000000000000000000000000000000000000000000000000000000000000000000000000110110000000000000000000000001111111100011000001100000000000000000010110000000011111111110001100001100000000000
0000000000010000011100000000000000000000000000000000000000000001000011000000000000000000100000000000000000000000000000000000000000000000000110000000000000010000000000000000001111011100111100001100000000000000000111111110100001111111110000100000100000000000
0000000000110000011000000000000000000000000000000000000000000010000011000000000000000000000000000000000000000000000000000000000000000000011000000000000000001000000000000000001110011110111100000110000000000010000111111110010001111111111000100000100000000000
0000000000100000111000000000000000000000000000000000000000000010000110000000000000000001000000000000000000000000000000000000000000000000000000000000000000100000000000000000001111000011111010000110000000000000001111111111000001111111111000110000100000000000
0000000000100000111000000000000000000000000000000000000000000100000100000000000000000000000000000000000000000000000000000000000000000000000000000000000000010000000000000000000111000111111010000011000000000100011111111111001000111111111000110000010000000000
0000000000100000110000000000000000000000000000000000000000000100001100000000000000000000000000000000000000000000000000000000000000000000000000000000000001000000000000000000000110000011111111000011000000000100011111111111001000111111111100010000010000000000
0000000001100000110000000000010000000000000000000000000000001000001000000000000000000000000000000000000000000000000000000000000000000000000000000000000000000000000000000000000110010011111111100001100000000100011111111111101000111111111100011000010000000000
0000000001000001110000000000010000000000000000000000000000001000011000000000000000000000000000000000000000000000000000000000000000000000000000000110000000000000001000000000001111100111111111100001100000000100011111111111100000111111111100011000011000000000
0000000001000001110000000000010000000000000000000000000000010000010000000000000000000000000000000000000000000000000000000000000000000000000000000100000000000000001000000000001111001001111111100000110000000000011111111111000000111111111110001000001000000000
0000000001000001100000000000001000010000000000000000000000010000110000000000000000000000000000000000000000000000000000000000000000000000000000000000000000000001001000000000001111000011111111110000110000000010011111111110000001111111111110001000001000000000
0000000011000001100000000000000100000000000000001000000000010000100000000000000000000000000000000000000000000000000000000000000000000000000000000000000000000000001100000000000110001100111111110000110000000010001111101100000001111111111110001100001000000000
0000000010000011100000000000000010000000000000000000000000100001100000000000000000000000000000000000000000000000000000000000000000000000000000000000000000000000000100000000000110010001111111111000011000000001000011000000000011111111111110001100001100000000
0000000010000011100000000000000001000000000000000000000000100001100000000000000000000000000000000000000000000000000000000000000000000000000000000000000000000000000100000000000110000101111111111000011000000001000000000000000011111111111110000100000100000000
0000000010000011000000000000000000100000000000000000000001100011000000000000000000000000000000000000000000000000000000000000000000000000000000000000000000000000000000000000000011000001111111111100001100000000100000000000001111111111111111000100000100000000
0000000110000011000000000000000000000000000000000000000001000011000000000000000000000000000000000000000000000000000000000000000000000000000000000000000000000000000000000000000010100011111111011100001100000000010000000000011111111111111111000110000100000000
0000000110000011000000000000000000010000000000000000000001000010000000000000000000000000000000000000000000000000000000000000000000000000000000000000000000000000000000000000000011000111111111110100001100000000000100000001111111111111111111000110000100000000
0000000110000111000000000000000000001000000000000000000011000110000000000000000000000000000000000000000000000000000000000000000000000000000000000000000000000000000000000000000111001111111111010110000110000000000000011111111111111111111111100110000110000000
0000000100000111000000000010000000000100000000000000000010000110000000000000000000000010000000000000000000000000000000000000000000000000000000000000000000000000000000000000000111111111111111010110000110000000000000111111111111111111111111100010000010000000
0000000100000110000000000010000000000010000000000000000010000110000000000000000000000010000000000000000000000000000000000000000000000000000000000000000000000000000000000000000111111111111111010110000110000000000000011111111111111111111111100010000010000000
0000000100000110000000000010000000000000000000000000000010000100000000000000000000000000000000000000000000000000000000000000000000000000000000000000000000000000000000000000000111111111111110010011000111000000000000011111111111111111111111100010000010000000
0000000100000110000000000000010000000000000000000000000100001100000000000000000000000001000000000000000000000000000000000000000000000000000000000000000000000000000000000000000111111111111110110011000011000000000000011111111111111111111111100011000010000000
0000001100000110000000000000000000000000000001000000000100001100000000000000000000000000000000000000000000000000000000000000000000000000000000000000000000000000000000000000000111010111111110011011000011000000000000001111111111111111111111110011000011000000
0000001100001110000000000000000000000000000001000000000100001000000000000000000000000000100000000000000000000000000000000000000000000000000000000000000000000000000000000010000111000111111110011011100011000000000000001111111111111111111111110011000011000000
0000001000001110000000000000000000000000000010000000000100001000000000000000000000000000010000000000000000000000000000000000000000000000000000000000000000000000010000000110000111000110001110010011100011000000000000001111111111111111111111110001000001000000
0000001000001110000000000000000000000000000000000000001100011000000000000000000000000000010000000000000000000000000000000000000000000000000000000000000000000000110000000110000111000101111110010010100001100000000000000111111111111111111111110001000001000000
0000001000001110000000000000000000000000000000000000001000011000000000000000000000000000011000000000000000000000000000000000000000000000000000000000000000000000001000000110000110000111111110101111100001100000000000000011111111111111111111110001000001000000
0000001000001100000000000000000000000000000000000000001000011000000000000000000000000000001000000000000000000000000000000000000000000000000000000000000000000000000000000110000110001111111111101001100001100000000000000011111111111111111111110001000001000000
0000001000001100000000000000000000000000000000000000001000010000000000000000000000000000001000000000000000000000000000000000000000000000000000000000000000000000000000000110000110001111111111100101100001100000000000000001111111111111111111110001100001000000
0000001000001100000000000000000000000000000000000000001000010000000000000000000000000000001000000000000000000000000000000000000000000000000000111000000000000000000000000110000111001111111111010101110001100000000000000000000000000001111111111001100001000000
0000001000001100000000000000000000000000000000000000001000010000000000000000000000000000001100000000000000000000000000000000000000000000000100000000000000000000000000000110000011000111111111010101110001110000000000000000000000000001111111111001100001000000
0000011000011100000000000000000000000000000000000000001000010000000000000000000000000000010000000000000000000000000000000000000000000000000001000000000000000000000000000110000010001101101110110101110001110000000000000000000000000001111111111001100001000000
0000011000011100000000000000000000000000000000000000011000010000000000000000000000000000000000000000000000000000000000000000000000000000000001010000000000000000000000000010000011111111100010100101110000110000000000000000000000000001111111111001100001000000
0000011000011100000000000000000000000000000000000000011000110000000000000000000000000000100010000000000000000000000000000000000000000000000001010000000000000000000000000010000011111111110110101100110000110000000010000000000000010001111111111001100001100000
0000011000011100000000000000000000000000000000000000011000110000000000000000000000000000000000000000000000000000000000000000000000000010010001110000000000000000000000000010000011111111111101010100010000110000000000001111111111100001111111111001100001100000
0000011000011100000000000000000000000000000000000000010000110000000000000000000000000001000001000000000000000000000000000000000000000110010001110000000000000000000000000010000011111111110101010101010000110000000000011111111111000001111111111001100001100000
0000011000011100000000000000000000000000000000000000010000110000000000000000000000000000000001000000000000000000000000000000000000000100010001111000001000000000000000000010000111111111110100010101011000110000000000011111111111100001111111111000100000100000
0000011000011100000000000000000000000000000000000000010000110000000000000000000000000010000000000000000000000000000000000000000000000100110000011000000000000000000000000000000111111111110110010100110000110000000000001111111111100001111111111000100000100000
0000011000011100000000000000000000000000000000000000010000110000000000000000000000000010000001000000000000000000000000000000000000001000111011011000000000000000000000000000000110001111111111010110111000110000000000011111111111100001111111111000100000100000
0000011000011100000000000000000000000000000000000000010000110000000000000000000000000100000001000000000000000000000000000000000000001000000001000000000000000000000000000000000010011111111111100110111000110000000000011111111111101001111111111000100000100000
0000011000011100000000000000000000000000000000000000010000110000000000000000000000000100000001000000000000000000000000000000000000000000000000000000000000000000000000000000000010011111111101100110111000110000000000011111111111101001111111111000100000100000
0000011000011100000000000000000000000000000000000000010000110000000000000000000000001000000000000000000000000000000000000000000000000000000000000000000000000000000000000000000001001111111100100010111000110000000000011111111111101001111111111000100000100000
0000011000011100000000000000000000000000000000000000010000110000000000000000000000001000000010000000000000000000000000000000000000000000000000000000000000000000100000000000000001111111111101100010111000110000000000011111111111101011111111111000100000100000
0000011000011100000000000000000000000000000000000000010000110000000000000000000000000000000010000000000000000000000000000000000000000000000000000000000000000000000000000000000001111111111100100011111000110000000000011111111111110111111111111001100000100000
0000011000011100000000000000000000000000000000000000011000110000000000000000000000010000000100000000000000000000000000000000000000000000000000000000000000000000000000001000000001111111111100110011111000110000000000011111111111111111111111111001100001100000
0000001000011100000000000000000000000000000000000000011000110000000000000000000000000000000100000000000000000000000000000000000000000000000000000000000000000000000000001000000001111111111100110101111000110000000000011111111111111111111111111001100001100000
0000011000001100000000000000000000000000000000000000011000010000000000000000000000100000000100000000000000000000000000000000000000000000000000000000000000000000000000000001000001111111111100100001110000110000000000011111111111111111111111111001100001100000
0000011000001100000000000000000000000000000000000000011000010000000000000000000000000000000100000000000000000000000000000000000000000000000000000000000000000000000000000011000001111111101101100011110001110000000000111111111111111111111111111001100001000000
0000001000001100000000000000000000000000000000000000001000010000000000000000000001000000000110000000000000000000000000000000000000000000000000000000000000000000000000000011000001111111111101011010110001110000000000111111111111111111111111110001100001000000
0000001000001100000000000000000000000000000000000000001000010000000000000000000001000000000111000000000000000000000000000000000000000000000000000000000000000000000000000011000001111111111111011010110001110000000000111111111111111111111111110001100001000000
0000001000001100000000000000000000000000000010000000001000011000000000000000000000000000000011000000000000000000000000000000000000000000000000000000000000000000000000000011000001111111111011010110110001110000000000011111111111111111111111111001100001000000
0000001000001110000000000000000000000000000010000000001000011000000000000000000010000000000011001000000000000000000000000000000000000000000000000000000000000100000000000011000001111111111010010000110001100000000000011111111111111111111111110001100001000000
0000001100001110000000000000000000000000000010000000001100001000000000000000000010000000000001001000000000000000000000000000000000000000000000000000000000000000000000000011000011101111111010010001110001100000000000011111111111111111111111110001100001000000
0000001100001110000000000000000000000000000000000000001100001000000000000000000010000000000001101000000000000000000000000000000000000000000000000100110000000000000100000010000011001111111110010001110001100000000000011111111111111111111111110001000001000000
0000001100001110000000000000000000000000010000000000000100001000000000000000000100000000000000110000000000000000000000000000000000000000000011111000010101110000000100000110000011111111111110011001100011100000000000001111111111111111111111110001000001000000
0000001100001110000000000000000000000000100000000000000100000100000000000000000100000000000000110000000000000000000000000000000000000000001100100001010001111000000100000110000011111111111110001001100011100000001000000001111111111111111111110001000001000000
0000001100000110000000000000000000000000010000000000000110000100000000000000000100000000000000010000000000000000000000000000000000000000011010101001001000111000000000000100000011111111111011001001100011000000001000000000000111111111111111110011000011000000
0000001100000110000000000000000000000010010000000000000110000100000000000000001000000000000000011000000000000000000000000000000000000011010110110001001000011001000000000000000011111111111011010101100011000000001000000000000000111111111111100011000011000000
0000000100000111000000000000000000000010010000000000000110000100000000000000001000000000000010011000000000000000000000000000000000001100010010110001000100011100000000000000000011111111111011000111000111000000000000100000000000000111111111110011000010000000
0000000110000111000000000001000000000010010000000000000010000110000000000000000000000000000000001100000000000000000000000000000000111000010110110001000100001101000000000000000010001111111001000111000111000000000000000000000000000111111111100011000010000000
0000000110000111000000000001000000000010010000000000000011000010000000000000010000000000000000001100000000000000000000000000000001001000010110100101000110011110001100000000000110000111010001000111000110000000000011110000000000000111111111100010000010000000
0000000110000111000000000001000000000000000000000000000011000010000000000000010000000000000000001100000000000000000000000000000010001000010100010001000010001100000000000000000111111111110011000010000110000000000111111111100001001111111111100010000010000000
0000000110000011000000000001000000000000000000000000000001000001000000000000010000000000000000000110000000000000000000000000001100001000010100011001100001000000000000000000001111111111110011001110001110000000000111111111111001001111111111100110000110000000
0000000010000011100000000000011000000000000000010000000001100001000000000000110000000000000010000110000000000000000000000000001100001000011100111001100001000000000000000000001111111111111010011110001100000000001111111111111000001111111111000110000110000000
0000000010000011100000000000000000010000000000000000000001100001000000000000110000000000000000000011000000000000000000000000000000001000011100111000100000100000000000000000001111111110110100011110001100000000001111111111111010001111111111000110000100000000
0000000011000011100000000000000000000000011000000000000000100000100000000000110000000000000010000011100000000000000000000000000100000000001000110000100000100000000000000000001100111111110100011100011100000000011111111111111010011111111111000100000100000000
0000000011000011100000000000000000000000000000000000000000110000100000000000100000000000000010000001100000000000000000000000000100100000011111010000100000010000000000000000001100001111110110011100011100000000011111111111111010011111111110000100000100000000
0000000011000001100000000000000000000000000000000000000000110000010000000001000000000000000000000001100000000000000000000000000101100000011000010000100000010000000000000000001100011111010110011000111000000000011111111111110000011111111110001100001100000000
0000000001000001110000000000000000000000000000000000000000011000010000000001000000000000000000000000110000000000000000000000000101100000010000110000010000000000000000000000011111111111011100010000111000000000111111111111110100011111111110001100111000000000
0000000001100001110000000000000000000000000000000000000000011000011000000001000000000000000000000000110000000000000000000000000100110010011100110000010000001000000000000000001111011111010110010000110000000001111111111111110100111111111110001000001000000000
0000000001100001110000000000000000000000000000000000000000001000001000000001100000000000000000000000011000000000000000000000000100110000010000110000010000001000000000000000011111100111011010100001110000000000111111111111110100111111111110001000001000000000
0000000001100000111000000000000000000000000000000000000000001100000100000000100000000000000000000000011100000000000000000000000100110110010000110000010000001000000000000000011100000011010001100001100000000001111111111111110000111111111100011000011000000000
0000000000100000111000000000000000000000000000000000000000000100000100000000010000000000000000000000001100000000000000000000000100110110010000110000010000001100000000000000011010000011110001000011100000000001111111111111111111111111111100011000010000000000
0000000000100000111000000000000000000000000000000000000000000110000010000000010000000000000000000000001100000000000000000000000100000101010111110000010000011100000000000000001111101001110001000011000000000001111111111111111111111111111000010000010000000000
0000000000110000011000000000000000000000000000000000000000000010000010000000010000000000000000000000000110000000000000000000001100000101010001110000010000011100000000000000001100001111111010000111000000000001111111111111111111111111111000110000110000000000
0000000000110000011100000000000000000000000000000000000000000011000001000000001000000000000000000000000110000000000000000000001100001100110000110000010000010010000000000000001110000111111110000110000000000011111111111111111111111111111000110000110000000000
0000000000011000011100000000000000000000000000000000000000000001000000100000001000000000000000000000000111000000000000000000001000001100100000100000000000011010000000000000001111101111111100001110000000000011111111111111111111111111110000100000100000000000
0000000000011000001110000000000000000000000000000000000000000001100000100000000100000000000000000000000011000000000000000000001000001000000000100000000000011011000000000000001011001101011000001100000000000011111111111111111111111111110001100000100000000000
0000000000011000001110000000000000000000000000000000000000000000110000010000000100000000000001000000000010000000000000000000001000011000000000100000000000001101000000000000000110000111011000011100000000000011111111111111111111111111110001100001100000000000
0000000000001000001110000000000000000000000000000000000000000000010000001000000010000000000000110000000011000000000000000000001000010000000000100000000000000100100000000000000110000100010000111000000000000011111111111111111111111111100001000001000000000000
0000000000001100000111000000000000000000000000000000000000000000011000001000000001000000000000011000000001100000000000000000001000010000000001100000000000000100100000000000000000000011100000111000000000000001111111111111111111111111100011000001000000000000
0000000000000100000111000000000000000000000000000000000000000000001100000000000001000000000000011000000001100000000000000000011000000100000001100000100000000000010000000000000010000111100001110000000000000001111111111111111111111111000011000011000000000000
0000000000000110000111000000000000000000000000000000000000000000000100000010000000100000000000001100000001100000000000000000010000000100000001100000000000001100011000000000001111000111000011100000000000000000000011111111111111111111000010000010000000000000
0000000000000110000011100000000000000000000000000000000000000000000110000001000000010000000000001100000000110000000000000000010000110100000001100010100000001100001000000000111111100010000011100000000000000000000000000111111111111111000110000110000000000000
0000000000000010000011100000000000000000000000000000000000000000000011000000100000010000000000000100000000110000000000000000010000011100000001000010000000001000000100000000111111110100000111000000000010000000000000000000011111111110000100000110000000000000
0000000000000011000001110000000000000000000000000000000000000000000001000000000000001000000000000110000000111000000000000000010000110000000001000000100000001000000100000001111111111100001110000000000010000110100000000000011111111110001100000100000000000000
0000000000000001000001110000000000000000000000000000000000000000000000110000000000001000000000000110000000011000000000000000110000110000000010000001100001001000000010000001101111111000011100000000000001000111000100000000111111111100001100001100000000000000
0000000000000001100000111000000000000000000000000000000000000000000000110000000000001000000000000110000000011000000000000000100000110000001010000001100001001100000001000001101111110000111000000000000000100011100000000001111111111100011000001000000000000000
0000000000000001100000111000000000000000000000000000000010000000000000011000000000001000000000000110000000001100000000000000100000100000001010000001000010001000000000100001111111100001111000000000000000010001001001110011111111111100011000011000000000000000
0000000000000000100000011000000000000000000000000000000100000000000000001100000000001000000000000110000000001110010000000000100000100000010110000001100010001000001000100001111111000001110000000000000000010000010011111111111111111000010000011000000000000000
0000000000000000110000011100000000000000000000000000001000000000000000000110000000000000000000000110000000011110000000000001100000100000000011000001100111001100001010011001111110000011100000000000000000001000000011111111111111110000110000110000000000000000
0000000000000000010000011100000000000000000000000000010000000000000000000011000000000000000000000110000000000111100000000001100000100001100000000001001010101000001010001100100100000111000000000000000011000100000111111111111111100000100000110000000000000000
0000000000000000011000001110000000000000000000000000100000100001000000000001100000000000000000000010000000000001100000000001000000101101100100000001001100111000000010110010011000001110000000000000001111000010000111111111111111100001100001100000000000000000
0000000000000000001000001110000000000000000000000010000000010000100000000000110000000000000000000001000000000001110000000001000000001101100100000100000100011000001100111001110000011100000000000000001111100000000111111111111111000001000001100000000000000000
0000000000000000001100000111000000000000000000000100000100001000100000000000011000000000000000000001000000000000110000000001000000000100100000001100000100000100001100111101000000111000000000000000011111110001000011111111111111100011000001000000000000000000
0000000000000000000100000011100000000000000000001000000000000100010000000000001100000000000000000000000000000000011000000111000000000101100000100100001100010000001000110110000011110000000000000000111111111000100001111111111011000110000011000000000000000000
0000000000000000000110000011100000000000000000010000010000000100010000000000000110000000000000000000000000000000011100000110000000001101000000100110000000000000000100001100000111100000000000000011111111111100010001111111111100000110000010000000000000000000
0000000000000000000110000001110000000000000000000000000000000100010000000000000001000000000000000000000000000000001100001000000000011001100000001100000110000101001100010000001110000000000000000011111111111110001001111111111100001100000110000000000000000000
0000000000000000000011000001110000000000000010000000000000000000010000000000000000110000000000000000000000000000000110101000000000011001100000001100000110000000000001100000011100000000000000001111111111111111001001111111111100001000001100000000000000000000
0000000000000000000001000000111000000000000010000100000000000100010000000000000000011000000000000000000000000000000111100000000000010001100000010110000001000100000110000000111000000000000000111111111111111111100111111111111000011000001100000000000000000000
0000000000000000000001100000011000000000000011000100000000000100010000000000000000001100000000000000000000000000000000000000000000010001100000010010000011000000011100000011100000000000000000011111111111111111110111111111110000010000011000000000000000000000
0000000000000000000000110000011100000000000001100000000000001000000000000000000000000011000000000000000000000000000000000000000000010001100000101100000001000001110000000110000000000000000000001111111111111111111111111111100000110000010000000000000000000000
0000000000000000000000110000001110000000000000110000000000010000100000000000000000000001100000000000000000000000000000000000000000010001100000101100000001000111000000011100000000000000000000000111111111111111111111111111000001100000110000000000000000000000
0000000000000000000000011000001110000000000000010000000000100001000000000000000000000000011000000000000000000000000000000000000000001000000000100110000001111100000001111000000000000000000111000011111111111111111111111110000001000000100000000000000000000000
0000000000000000000000001000000111000000000000001000000000000000000000000000000000000000000110000000000000000000000000000000000010001001000000100100000001110000000011000000000000000000001001000001111111111111111111111110000011000001100000000000000000000000
0000000000000000000000001100000011100000000000001100000000000100000000000000000000000000000011100000000000000000000000000000000010001011000100000100000110000000001110000000000000000100011100100001111111111111111111111110000110000011000000000000000000000000
0000000000000000000000000100000001110000000000000110000000001000000000000000000000000000000000111000000000000000000000000000000000001101000100000000110000000000111000000000000000001000111000010000111111111111111111111100000100000011000000000000000000000000
0000000000000000000000000110000001110000000000000001100000100000000000000000000000000000000000001110000000000000000000000000000010001011000000001100000000000011000000000000000000001001111000000000011111111111111111111100001100000110000000000000000000000000
0000000000000000000000000011000000111000000000000000010010000000000000000000000000000000000000000011100000000000000000000000000001001011001111000000000000011100000000000000000000001001110000000000001111111111111111111000011000001100000000000000000000000000
0000000000000000000000000001000000011100000000000000000000000000000000000000000000000000000000000000011100000000000000000000000001100111100000000000000001100000000000000000000000001000110000000110000111111111111111110000010000001100000000000000000000000000
0000000000000000000000000001100000011110000000000000000000000000000000000000000000000000000000000000000011100000000000000000000000000000000000000000011110000000000000000000000000001000000000001001000011111111111111100000110000011000000000000000000000000000
0000000000000000000000000000110000001110000000000000000000000000000000000000000000000000000000000000000000011110000000000000000000000000000000000111110000000000000000000000000000000100000000011100100001111111111111000001100000110000000000000000000000000000
0000000000000000000000000000010000000111000000000000000000000000000000000000000000000000000000000000000000000011111100000000000000000000000001111100000000000000000000000000000000000110000000111100010001111111111111000011000000100000000000000000000000000000
0000000000000000000000000000001000000011100000000000000000000000000000000000000000000000000000000000000000000000000111111111111111111111111110000000000000000000000000000000000000000001010001111110011011111111111110000110000001100000000000000000000000000000
0000000000000000000000000000000100000001010000000000000000000000000000000000000000000100000000000000000000000000000000000000111111111000000000000000000000000000000000000000000000000000001001111111000111111111111100000100000011000000000000000000000000000000
0000000000000000000000000000000110000000111000000000000000000000000000000000000000000100010000000000000000000000000000000000000000000000000000000000000000000000000000000000000000000000001000111111111111111111111000001100000110000000000000000000000000000000
0000000000000000000000000000000010000000111100000000000000000000000000000000000000000100010000000000000000000000000000000000000000000000000000000000000000000000000000000010000000000000001000011111111111111111110000011000000100000000000000000000000000000000
0000000000000000000000000000000001000000011000000000000000000000000000000000000000000100010000000000000000000000000000000000000000000000000000000000000000000001000000000011100000000000000100001111111111111111100000110000001100000000000000000000000000000000
0000000000000000000000000000000000100000001000000000000000000000000000000000000000000100010000000000000000000000000000000000000000000000000000000000000000000010000111100001111000000000000010000111111111111110000001100000011000000000000000000000000000000000
0000000000000000000000000000000000110000000100000000000000000000000000000000000000000100000000000000000000000000000000000000000000000000000000000000000000000000011000010001111001111100000001000111111111111110000011000000110000000000000000000000000000000000
0000000000000000000000000000000000011000000010000000000000000000000000000000000000000100000000000000010000000000000000000000000000000000000000000000000000000100010000010001111111111101110001001111111111111100000110000001100000000000000000000000000000000000
0000000000000000000000000000000000001000000001000000000000000000000000000000000000000100000000000000100000000000000000000000000000000000000000000000000000000100110000000001111111111111111000111111111111110000001100000011000000000000000000000000000000000000
0000000000000000000000000000000000000100000000100000000000000000000000000000000000000100010000000001000000000000000000000000000000000000000000000000000000000100110000000011111111111111111100011111111111110000011000000110000000000000000000000000000000000000
0000000000000000000000000000000000000010000000010000000000000000000000000000000000000100100110000010000000000000000000000000000000000000000000000000000000000101100000000011111111111111111111111111111111000000110000000100000000000000000000000000000000000000
0000000000000000000000000000000000000001000000001000000000000000000000000000000000000100100011000000000000000000000000000000000000000000000000000000000000000000000000000111011111111111111111111111111110000001100000001000000000000000000000000000000000000000
0000000000000000000000000000000000000000100000000100000000000000000000000000000000000100100010000000000000000000000000000000000000000000000000000000000000000000001000011100001111111111111111111111111100000011000000011000000000000000000000000000000000000000
0000000000000000000000000000000000000000010000000010000000000000000000000000000000000100100100000000000000000000000000000000000000000000000000000000000000000000000000111000001111111111111111111111110000000110000000110000000000000000000000000000000000000000
0000000000000000000000000000000000000000001000000000000000000000000000000000000000000100100000000000000000000000000000000000000000000000000000000000000000000000100001110000000111111111111111111110000000001100000001100000000000000000000000000000000000000000
0000000000000000000000000000000000000000000100000000000000000000000000000000000000000100100000000000000000000000000000000000000000000000000000000000000000000000000011100001000111111111111111111100000000011000000011000000000000000000000000000000000000000000
0000000000000000000000000000000000000000000010000000001000000000000000000000000000000100100000000000000000000000000000000000000000000000000000000000000000000000000111000000001111111111111111111000000001100000000100000000000000000000000000000000000000000000
0000000000000000000000000000000000000000000001000000000000000000000000000000000000000100000000000000000000000000000000000000000000000000000000000000000000000000000010000000001111111111111111100000000011000000011000000000000000000000000000000000000000000000
0000000000000000000000000000000000000000000000100000000000000000000000000000000000000100000000000000000000000000000000000000000000000000000000000000000000000000100000000000011111111111111110000000000110000000110000000000000000000000000000000000000000000000
0000000000000000000000000000000000000000000000010000000000000000000000000000000000000100001000000000000000000000000000000000000000000000000000000000000000000000100000000000111111111111111000000000001100000001100000000000000000000000000000000000000000000000
0000000000000000000000000000000000000000000000001000000000000000000000000000000000000011010000000000000000000000000000000000000000000000000000000000000000000000010000000011111111111111000000000000110000000011000000000000000000000000000000000000000000000000
0000000000000000000000000000000000000000000000000110000000000000000000000000000000000000000000000000000000000000000000000000000000000000000000000000000000000000001100001101111000111000000000000001100000000110000000000000000000000000000000000000000000000000
0000000000000000000000000000000000000000000000000001000000000000000000000000000000000000000000000000000000000000000000000000000000000000000000000000000000000000000000000011000000000000000000000111000000001000000000000000000000000000000000000000000000000000
0000000000000000000000000000000000000000000000000000100000000000000000000000000000000000000000000000000000000000000000000000000000000000000000000000000000000000000000000000000000000000000000001100000000110000000000000000000000000000000000000000000000000000
0000000000000000000000000000000000000000000000000000010000000000000000000000000000000000000000000000000000000000000000000000000000000000000000000000000000000000000000000000000000000000000000111000000001100000000000000000000000000000000000000000000000000000
0000000000000000000000000000000000000000000000000000000100000000000000000000000000000000000000000000000000000000000000000000000000000000000000000000000000000000000000000000000000000000000001100000000011000000000000000000000000000000000000000000000000000000
0000000000000000000000000000000000000000000000000000000010000000000000000000000000000000000000000000000000000000000000000000000000000000000000000000000000000000000000000000000000000000000111000000001100000000000000000000000000000000000000000000000000000000
0000000000000000000000000000000000000000000000000000000000000000000000000000000000000000000000000000000000000000000000000000000000000000000000000000000000000000000000000000000000000000011100000000011000000000000000000000000000000000000000000000000000000000
0000000000000000000000000000000000000000000000000000000000010000000000000000000000000000000000000000000000000000000000000000000000000000000000000000000000000000000000000000000000000000110000000001110000000000000000000000000000000000000000000000000000000000
0000000000000000000000000000000000000000000000000000000000001000000000000000000000000000000000000000000000000000000000000000000000000000000000000000000000000000000000000000000000000011100000000011000000000000000000000000000000000000000000000000000000000000
0000000000000000000000000000000000000000000000000000000000000010000000000000000000000000000000000000000000000000000000000000000000000000000000000000000000000000000000000000000000001110000000001110000000000000000000000000000000000000000000000000000000000000
0000000000000000000000000000000000000000000000000000000000000001000000000000000000000000000000000000000000000000000000000000000000000000000000000000000000000000000000000000000000111000000000011000000000000000000000000000000000000000000000000000000000000000
0000000000000000000000000000000000000000000000000000000000000000000000000000000000000000000000000000000000000000000000000000000000000000000000000000000000000000000000000000000011000000000001110000000000000000000000000000000000000000000000000000000000000000
0000000000000000000000000000000000000000000000000000000000000000000100000000000000000000000000000000000000000000000000000000000000000000000000000000000000000000000000000000011100000000000111000000000000000000000000000000000000000000000000000000000000000000
0000000000000000000000000000000000000000000000000000000000000000000011000000000000000000000000000000000000000000000000000000000000000000000000000000000000000000000000000001110000000000011100000000000000000000000000000000000000000000000000000000000000000000
0000000000000000000000000000000000000000000000000000000000000000000000100000000000000000000000000000000000000000000000000000000000000000000000000000000000000000000000001111000000000000110000000000000000000000000000000000000000000000000000000000000000000000
0000000000000000000000000000000000000000000000000000000000000000000000001100000000000000000000000000000000000000000000000000000000000000000000000000000000000000000001111000000000000111000000000000000000000000000000000000000000000000000000000000000000000000
0000000000000000000000000000000000000000000000000000000000000000000000000011000000000000000000000000000000000000000000000000000000000000000000000000000000000000001111000000000000011100000000000000000000000000000000000000000000000000000000000000000000000000
0000000000000000000000000000000000000000000000000000000000000000000000000000110000000000000000000000000000000000000000000000000000000000000000000000000000000001111000000000000001110000000000000000000000000000000000000000000000000000000000000000000000000000
0000000000000000000000000000000000000000000000000000000000000000000000000000001100000000000000000000000000000000000000000000000000000000000000000000000000011111000000000000000111000000000000000000000000000000000000000000000000000000000000000000000000000000
0000000000000000000000000000000000000000000000000000000000000000000000000000000001100000000000000000000100000000000000000000000000000000000000000000001111110000000000000000111000000000000000000000000000000000000000000000000000000000000000000000000000000000
0000000000000000000000000000000000000000000000000000000000000000000000000000000000011100000000000000000001111111000000000000000000000000000000001111111100000000000000000111100000000000000000000000000000000000000000000000000000000000000000000000000000000000
0000000000000000000000000000000000000000000000000000000000000000000000000000000000000011000000000000000000000001111111111111110111111111111111111100000000000000000000011110000000000000000000000000000000000000000000000000000000000000000000000000000000000000
0000000000000000000000000000000000000000000000000000000000000000000000000000000000000000111100000000000000000000000000111111111111111111111000000000000000000000000011110000000000000000000000000000000000000000000000000000000000000000000000000000000000000000
0000000000000000000000000000000000000000000000000000000000000000000000000000000000000000000111100000000000000000000000000000000000000000000000000000000000000000011100000000000000000000000000000000000000000000000000000000000000000000000000000000000000000000
0000000000000000000000000000000000000000000000000000000000000000000000000000000000000000000000011100000000000000000000000000000000000000000000000000000000001111110000000000000000000000000000000000000000000000000000000000000000000000000000000000000000000000
0000000000000000000000000000000000000000000000000000000000000000000000000000000000000000000000000011111000000000000000000000000000000000000000000000000011111000000000000000000000000000000000000000000000000000000000000000000000000000000000000000000000000000
0000000000000000000000000000000000000000000000000000000000000000000000000000000000000000000000000000000111110000000000000000000000000000000000000011111100000000000000000000000000000000000000000000000000000000000000000000000000000000000000000000000000000000
0000000000000000000000000000000000000000000000000000000000000000000000000000000000000000000000000000000000000111111111110000000000000000000101111110100000000000000000000000000000000000000000000000000000000000000000000000000000000000000000000000000000000000
0000000000000000000000000000000000000000000000000000000000000000000000000000000000000000000000000000000000000000000011111111111111111111111111000000000000000000000000000000000000000000000000000000000000000000000000000000000000000000000000000000000000000000
0000000000000000000000000000000000000000000000000000000000000000000000000000000000000000000000000000000000000000000000000000000000000000000000000000000000000000000000000000000000000000000000000000000000000000000000000000000000000000000000000000000000000000
0000000000000000000000000000000000000000000000000000000000000000000000000000000000000000000000000000000000000000000000000000000000000000000000000000000000000000000000000000000000000000000000000000000000000000000000000000000000000000000000000000000000000000
0000000000000000000000000000000000000000000000000000000000000000000000000000000000000000000000000000000000000000000000000000000000000000000000000000000000000000000000000000000000000000000000000000000000000000000000000000000000000000000000000000000000000000
0000000000000000000000000000000000000000000000000000000000000000000000000000000000000000000000000000000000000000000000000000000000000000000000000000000000000000000000000000000000000000000000000000000000000000000000000000000000000000000000000000000000000000
0000000000000000000000000000000000000000000000000000000000000000000000000000000000000000000000000000000000000000000000000000000000000000000000000000000000000000000000000000000000000000000000000000000000000000000000000000000000000000000000000000000000000000
